5496.30
6822.30
5593.20
5349.30
13616.90
5163.80
7015.50
6618.30
10193.80
7647.00
6349.50
6888.90
6676.90
4326.10
19939.00
9380.80
5899.20
7124.20
4319.30
6960.60
16120.50
6958.30
6943.00
8510.50
6038.60
8495.90
6141.30
9145.60
4539.50
7424.60
9183.30
20460.10
6485.90
13338.10
8433.70
6089.20
6933.20
8352.50
7322.10
11139.40
9040.00
8699.70
13729.70
11583.30
12341.10
12703.50
10642.90
14705.40
4350.80
14646.10
3368.50
20993.20
10643.30
7559.50
16019.90
22985.30
12131.50
17327.40
12875.60
10437.80
6798.10
12984.60
7333.50
12118.90
19381.90
13193.10
10734.40
17550.00
10305.30
10788.50
14537.40
7561.30
9796.00
12895.10
10275.00
16171.50
17716.00
26746.00
12928.90
20025.80
12401.00
19241.50
14340.40
12763.90
9791.10
9311.90
9945.10
8441.90
9901.40
12230.30