43572.9
41448.8
49182.5
46520.6
55415.5
71429.7
86667.8
84191.3
76717.3
61713.8
51022.3
49995.4
45398.6
42617.7
48124.3
45707.3
55259.4
67452.5
81231.9
79372.9
65217.4
59272.7
48716.1
73069.5
41687.1
42651.4
30392.6
17725.0
20089.7
25060.9
36245.0
32752.3
26267.4
28473.6
25177.2
52873.2
19648.2
17723.1
24037.0
29668.4
26071.8
35677.5
57663.0
57686.0
52807.6
48857.7
42358.5
55432.1
36335.5
37068.7
48104.7
51430.1
59150.4
76165.6
97566.3
95858.6
77338.4
70337.6
59099.1
117025.1
53639.6
53862.8
63276.9
68389.3
84263.2
100633.3
115290.3
109154.5
92317.6
81162.3
65717.4
95296.7
55998.8
58648.6
66190.8
64856.6
81517.4
96110.3
116449.6
112534.4
91963.7
86299.7
67557.2
84589.0
65162.0
63932.9
71993.2
74506.9
82665.6
97657.7